    2.0000   0.100000   7.355556      7 
    2.0000   0.010000   7.387302      9 
    2.0000   0.001000   7.388995      11 
    2.0000   0.000100   7.389046      12 
    2.0000   0.000010   7.389055      13 
    2.0000   0.000001   7.389056      15 
 
    2.1111   0.100000   8.244734      8 
    2.1111   0.010000   8.254519      9 
    2.1111   0.001000   8.257299      11 
    2.1111   0.000100   8.257392      12 
    2.1111   0.000010   8.257411      14 
    2.1111   0.000001   8.257411      15 
 
    2.2222   0.100000   9.208414      8 
    2.2222   0.010000   9.226805      10 
    2.2222   0.001000   9.227614      11 
    2.2222   0.000100   9.227808      13 
    2.2222   0.000010   9.227813      14 
    2.2222   0.000001   9.227814      15 
 
    2.3333   0.100000  10.283153      8 
    2.3333   0.010000  10.310595      10 
    2.3333   0.001000  10.312192      12 
    2.3333   0.000100  10.312247      13 
    2.3333   0.000010  10.312257      14 
    2.3333   0.000001  10.312258      16 
 
    2.4444   0.100000  11.512876      9 
    2.4444   0.010000  11.521463      10 
    2.4444   0.001000  11.524029      12 
    2.4444   0.000100  11.524124      13 
    2.4444   0.000010  11.524145      15 
    2.4444   0.000001  11.524145      16 
 
    2.5556   0.100000  12.861405      9 
    2.5556   0.010000  12.877491      11 
    2.5556   0.001000  12.878252      12 
    2.5556   0.000100  12.878445      14 
    2.5556   0.000010  12.878451      15 
    2.5556   0.000001  12.878452      16 
 
    2.6667   0.100000  14.366561      9 
    2.6667   0.010000  14.390363      11 
    2.6667   0.001000  14.391848      13 
    2.6667   0.000100  14.391903      14 
    2.6667   0.000010  14.391916      16 
    2.6667   0.000001  14.391916      17 
 
    2.7778   0.100000  16.046108      9 
    2.7778   0.010000  16.080780      11 
    2.7778   0.001000  16.083124      13 
    2.7778   0.000100  16.083218      14 
    2.7778   0.000010  16.083240      16 
    2.7778   0.000001  16.083241      17 
 
    2.8889   0.100000  17.958339      10 
    2.8889   0.010000  17.972426      12 
    2.8889   0.001000  17.973131      13 
    2.8889   0.000100  17.973321      15 
    2.8889   0.000010  17.973327      16 
    2.8889   0.000001  17.973328      18 
 
    3.0000   0.100000  20.063393      10 
    3.0000   0.010000  20.084103      12 
    3.0000   0.001000  20.085469      14 
    3.0000   0.000100  20.085523      15 
    3.0000   0.000010  20.085536      17 
    3.0000   0.000001  20.085537      18 
 
