    3.0000   0.100000  20.063393      10 
    3.0000   0.010000  20.084103      12 
    3.0000   0.001000  20.085469      14 
    3.0000   0.000100  20.085523      15 
    3.0000   0.000010  20.085536      17 
    3.0000   0.000001  20.085537      18 
 
    3.1111   0.100000  22.413698      10 
    3.1111   0.010000  22.443728      12 
    3.1111   0.001000  22.445856      14 
    3.1111   0.000100  22.445947      15 
    3.1111   0.000010  22.445970      17 
    3.1111   0.000001  22.445970      18 
 
    3.2222   0.100000  25.070607      11 
    3.2222   0.010000  25.080347      12 
    3.2222   0.001000  25.083611      14 
    3.2222   0.000100  25.083792      16 
    3.2222   0.000010  25.083799      17 
    3.2222   0.000001  25.083800      19 
 
    3.3333   0.100000  28.012240      11 
    3.3333   0.010000  28.030311      13 
    3.3333   0.001000  28.031558      15 
    3.3333   0.000100  28.031611      16 
    3.3333   0.000010  28.031624      18 
    3.3333   0.000001  28.031625      19 
 
    3.4444   0.100000  31.297736      11 
    3.4444   0.010000  31.323843      13 
    3.4444   0.001000  31.325765      15 
    3.4444   0.000100  31.325852      16 
    3.4444   0.000010  31.325874      18 
    3.4444   0.000001  31.325875      19 
 
    3.5556   0.100000  34.966876      11 
    3.5556   0.010000  35.004161      13 
    3.5556   0.001000  35.007083      15 
    3.5556   0.000100  35.007255      17 
    3.5556   0.000010  35.007261      18 
    3.5556   0.000001  35.007263      20 
 
    3.6667   0.100000  39.104280      12 
    3.6667   0.010000  39.120086      14 
    3.6667   0.001000  39.120997      15 
    3.6667   0.000100  39.121270      17 
    3.6667   0.000010  39.121283      19 
    3.6667   0.000001  39.121284      20 
 
    3.7778   0.100000  43.694178      12 
    3.7778   0.010000  43.716944      14 
    3.7778   0.001000  43.718676      16 
    3.7778   0.000100  43.718758      17 
    3.7778   0.000010  43.718780      19 
    3.7778   0.000001  43.718781      20 
 
    3.8889   0.100000  48.821338      12 
    3.8889   0.010000  48.853789      14 
    3.8889   0.001000  48.856402      16 
    3.8889   0.000100  48.856563      18 
    3.8889   0.000010  48.856570      19 
    3.8889   0.000001  48.856571      21 
 
    4.0000   0.100000  54.583206      13 
    4.0000   0.010000  54.597062      15 
    4.0000   0.001000  54.597883      16 
    4.0000   0.000100  54.598136      18 
    4.0000   0.000010  54.598149      20 
    4.0000   0.000001  54.598150      21 
 
