         x              eps            f(x)        iteration
1         -0.50000     10 ** -1       -0.31250     6
         -0.50000     10 ** -2     -0.281250     10
         -0.50000     10 ** -3     -0.278076     14
         -0.50000     10 ** -4     -0.277802     18
         -0.50000     10 ** -5     -0.277780     22
         -0.50000     10 ** -6     -0.277778     25
2         -0.43333     10 ** -1       -0.22626     5
         -0.43333     10 ** -2     -0.254803     9
         -0.43333     10 ** -3     -0.256819     12
         -0.43333     10 ** -4     -0.256606     15
         -0.43333     10 ** -5     -0.256627     18
         -0.43333     10 ** -6     -0.256625     21
3         -0.36667     10 ** -1       -0.26359     4
         -0.36667     10 ** -2     -0.229782     7
         -0.36667     10 ** -3     -0.232475     10
         -0.36667     10 ** -4     -0.232330     12
         -0.36667     10 ** -5     -0.232301     15
         -0.36667     10 ** -6     -0.232302     17
4         -0.30000     10 ** -1       -0.21900     4
         -0.30000     10 ** -2     -0.206040     6
         -0.30000     10 ** -3     -0.204363     8
         -0.30000     10 ** -4     -0.204166     10
         -0.30000     10 ** -5     -0.204141     13
         -0.30000     10 ** -6     -0.204142     15
5         -0.23333     10 ** -1       -0.15167     3
         -0.23333     10 ** -2     -0.169664     5
         -0.23333     10 ** -3     -0.171174     7
         -0.23333     10 ** -4     -0.171285     9
         -0.23333     10 ** -5     -0.171292     11
         -0.23333     10 ** -6     -0.171293     12
6         -0.16667     10 ** -1       -0.12500     3
         -0.16667     10 ** -2     -0.134259     4
         -0.16667     10 ** -3     -0.132716     6
         -0.16667     10 ** -4     -0.132641     7
         -0.16667     10 ** -5     -0.132653     9
         -0.16667     10 ** -6     -0.132653     10
7         -0.10000     10 ** -1       -0.08500     3
         -0.10000     10 ** -2     -0.087000     4
         -0.10000     10 ** -3     -0.086750     5
         -0.10000     10 ** -4     -0.086780     6
         -0.10000     10 ** -5     -0.086777     7
         -0.10000     10 ** -6     -0.086777     8
8         -0.03333     10 ** -1       -0.03333     2
         -0.03333     10 ** -2     -0.031667     3
         -0.03333     10 ** -3     -0.031741     4
         -0.03333     10 ** -4     -0.031741     4
         -0.03333     10 ** -5     -0.031738     5
         -0.03333     10 ** -6     -0.031738     6
9          0.03333     10 ** -1        0.03333     2
          0.03333     10 ** -2      0.035000     3
          0.03333     10 ** -3      0.035074     4
          0.03333     10 ** -4      0.035074     4
          0.03333     10 ** -5      0.035077     5
          0.03333     10 ** -6      0.035077     6
10          0.10000     10 ** -1        0.11500     3
          0.10000     10 ** -2      0.117000     4
          0.10000     10 ** -3      0.117250     5
          0.10000     10 ** -4      0.117280     6
          0.10000     10 ** -5      0.117284     7
          0.10000     10 ** -6      0.117284     8
