         x              eps            f(x)        iteration
1         -0.70000     10 ** -1       -0.28827     13
         -0.70000     10 ** -2     -0.323443     21
         -0.70000     10 ** -3     -0.327376     28
         -0.70000     10 ** -4     -0.326950     35
         -0.70000     10 ** -5     -0.326994     42
         -0.70000     10 ** -6     -0.326989     49
2         -0.59556     10 ** -1       -0.27516     9
         -0.59556     10 ** -2     -0.306835     14
         -0.59556     10 ** -3     -0.303272     19
         -0.59556     10 ** -4     -0.303628     24
         -0.59556     10 ** -5     -0.303595     29
         -0.59556     10 ** -6     -0.303598     34
3         -0.49111     10 ** -1       -0.30650     6
         -0.49111     10 ** -2     -0.278041     10
         -0.49111     10 ** -3     -0.275354     14
         -0.49111     10 ** -4     -0.275087     17
         -0.49111     10 ** -5     -0.275118     21
         -0.49111     10 ** -6     -0.275121     24
4         -0.38667     10 ** -1       -0.22214     5
         -0.38667     10 ** -2     -0.241540     8
         -0.38667     10 ** -3     -0.240257     10
         -0.38667     10 ** -4     -0.239947     13
         -0.38667     10 ** -5     -0.239970     16
         -0.38667     10 ** -6     -0.239969     18
5         -0.28222     10 ** -1       -0.20771     4
         -0.28222     10 ** -2     -0.197217     6
         -0.28222     10 ** -3     -0.196019     8
         -0.28222     10 ** -4     -0.195895     10
         -0.28222     10 ** -5     -0.195882     12
         -0.28222     10 ** -6     -0.195881     14
6         -0.17778     10 ** -1       -0.13037     3
         -0.17778     10 ** -2     -0.139111     5
         -0.17778     10 ** -3     -0.139643     6
         -0.17778     10 ** -4     -0.139555     8
         -0.17778     10 ** -5     -0.139551     9
         -0.17778     10 ** -6     -0.139552     10
7         -0.07333     10 ** -1       -0.07333     2
         -0.07333     10 ** -2     -0.065267     3
         -0.07333     10 ** -3     -0.066055     4
         -0.07333     10 ** -4     -0.065983     5
         -0.07333     10 ** -5     -0.065989     6
         -0.07333     10 ** -6     -0.065989     7
8          0.03111     10 ** -1        0.03111     2
          0.03111     10 ** -2      0.032563     3
          0.03111     10 ** -3      0.032623     4
          0.03111     10 ** -4      0.032623     4
          0.03111     10 ** -5      0.032626     5
          0.03111     10 ** -6      0.032626     6
9          0.13556     10 ** -1        0.16312     3
          0.13556     10 ** -2      0.168100     4
          0.13556     10 ** -3      0.168944     5
          0.13556     10 ** -4      0.169103     7
          0.13556     10 ** -5      0.169107     8
          0.13556     10 ** -6      0.169107     9
10          0.24000     10 ** -1        0.32640     3
          0.24000     10 ** -2      0.362342     5
          0.24000     10 ** -3      0.365400     7
          0.24000     10 ** -4      0.365633     9
          0.24000     10 ** -5      0.365650     11
          0.24000     10 ** -6      0.365651     12
