      0.20     1.0000000000000001E-001     0.1933333333333333600000000000000000000000    3     6.6666666666666680E-003
 
      0.20     1.0000000000000002E-002     0.1933333333333333600000000000000000000000    3     6.6666666666666680E-003
 
      0.20     1.0000000000000002E-003     0.1933111111111111300000000000000000000000    4     2.2222222222222227E-005
 
      0.20     1.0000000000000003E-004     0.1933111111111111300000000000000000000000    4     2.2222222222222227E-005
 
      0.20     1.0000000000000004E-005     0.1933110666666666700000000000000000000000    5     4.4444444444444461E-008
 
      0.20     1.0000000000000004E-006     0.1933110666666666700000000000000000000000    5     4.4444444444444461E-008
 
      0.40     1.0000000000000001E-001     0.3733333333333333500000000000000000000000    3     2.6666666666666672E-002
 
      0.40     1.0000000000000002E-002     0.3729777777777778000000000000000000000000    4     3.5555555555555563E-004
 
      0.40     1.0000000000000002E-003     0.3729777777777778000000000000000000000000    4     3.5555555555555563E-004
 
      0.40     1.0000000000000003E-004     0.3729749333333333700000000000000000000000    5     2.8444444444444455E-006
 
      0.40     1.0000000000000004E-005     0.3729749333333333700000000000000000000000    5     2.8444444444444455E-006
 
      0.40     1.0000000000000004E-006     0.3729749181629630200000000000000000000000    6     1.5170370370370376E-008
 
      0.60     1.0000000000000001E-001     0.5400000000000000400000000000000000000000    3     6.0000000000000019E-002
 
      0.60     1.0000000000000002E-002     0.5382000000000000100000000000000000000000    4     1.8000000000000013E-003
 
      0.60     1.0000000000000002E-003     0.5381675999999999700000000000000000000000    5     3.2400000000000029E-005
 
      0.60     1.0000000000000003E-004     0.5381675999999999700000000000000000000000    5     3.2400000000000029E-005
 
      0.60     1.0000000000000004E-005     0.5381672112000000000000000000000000000000    6     3.8880000000000046E-007
 
      0.60     1.0000000000000004E-006     0.5381672112000000000000000000000000000000    6     3.8880000000000046E-007
 
      0.80     1.0000000000000001E-001     0.6876444444444445000000000000000000000000    4     5.6888888888888900E-003
 
      0.80     1.0000000000000002E-002     0.6876444444444445000000000000000000000000    4     5.6888888888888900E-003
 
      0.80     1.0000000000000002E-003     0.6874624000000000300000000000000000000000    5     1.8204444444444451E-004
 
      0.80     1.0000000000000003E-004     0.6874585163851851800000000000000000000000    6     3.8836148148148162E-006
 
      0.80     1.0000000000000004E-005     0.6874585163851851800000000000000000000000    6     3.8836148148148162E-006
 
      0.80     1.0000000000000004E-006     0.6874584572062927300000000000000000000000    7     5.9178892416225779E-008
 
      1.00     1.0000000000000001E-001     0.8194444444444445300000000000000000000000    4     1.3888888888888888E-002
 
      1.00     1.0000000000000002E-002     0.8187500000000000900000000000000000000000    5     6.9444444444444436E-004
 
      1.00     1.0000000000000002E-003     0.8187500000000000900000000000000000000000    5     6.9444444444444436E-004
 
      1.00     1.0000000000000003E-004     0.8187268518518519000000000000000000000000    6     2.3148148148148147E-005
 
      1.00     1.0000000000000004E-005     0.8187263007054673700000000000000000000000    7     5.5114638447971777E-007
 
      1.00     1.0000000000000004E-006     0.8187263007054673700000000000000000000000    7     5.5114638447971777E-007
 
      1.20     1.0000000000000001E-001     0.9311999999999999200000000000000000000000    4     2.8799999999999996E-002
 
      1.20     1.0000000000000002E-002     0.9291263999999999100000000000000000000000    5     2.0735999999999992E-003
 
      1.20     1.0000000000000002E-003     0.9290268671999999400000000000000000000000    6     9.9532799999999956E-005
 
      1.20     1.0000000000000003E-004     0.9290268671999999400000000000000000000000    6     9.9532799999999956E-005
 
      1.20     1.0000000000000004E-005     0.9290234546468570900000000000000000000000    7     3.4125531428571408E-006
 
      1.20     1.0000000000000004E-006     0.9290233668954905900000000000000000000000    8     8.7751366530612190E-008
 
      1.40     1.0000000000000001E-001     1.0199777777777776000000000000000000000000    4     5.3355555555555538E-002
 
      1.40     1.0000000000000002E-002     1.0147489333333333000000000000000000000000    5     5.2288444444444420E-003
 
      1.40     1.0000000000000002E-003     1.0144073154962963000000000000000000000000    6     3.4161783703703680E-004
 
      1.40     1.0000000000000003E-004     1.0143913733305678000000000000000000000000    7     1.5942165728395048E-005
 
      1.40     1.0000000000000004E-005     1.0143908153547674000000000000000000000000    8     5.5797580049382665E-007
 
      1.40     1.0000000000000004E-006     1.0143908153547674000000000000000000000000    8     5.5797580049382665E-007
 
      1.60     1.0000000000000001E-001     1.0823111111111112000000000000000000000000    4     9.1022222222222185E-002
 
      1.60     1.0000000000000002E-002     1.0696660612740740000000000000000000000000    6     9.9420539259259186E-004
 
      1.60     1.0000000000000002E-003     1.0696660612740740000000000000000000000000    6     9.9420539259259186E-004
 
      1.60     1.0000000000000003E-004     1.0696054620882398000000000000000000000000    7     6.0599185834215109E-005
 
      1.60     1.0000000000000004E-005     1.0696026918397445000000000000000000000000    8     2.7702484952784045E-006
 
      1.60     1.0000000000000004E-006     1.0696025933420203000000000000000000000000    9     9.8497724276565486E-008
 
      1.80     1.0000000000000001E-001     1.0905803999999999000000000000000000000000    5     2.3619599999999987E-002
 
      1.80     1.0000000000000002E-002     1.0880294831999999000000000000000000000000    6     2.5509167999999980E-003
 
      1.80     1.0000000000000002E-003     1.0878326981897142000000000000000000000000    7     1.9678501028571409E-004
 
      1.80     1.0000000000000003E-004     1.0878213127712619000000000000000000000000    8     1.1385418452244884E-005
 
      1.80     1.0000000000000004E-005     1.0878208004274317000000000000000000000000    9     5.1234383035101968E-007
 
      1.80     1.0000000000000004E-006     1.0878208004274317000000000000000000000000    9     5.1234383035101968E-007
 
      2.00     1.0000000000000001E-001     1.0666666666666667000000000000000000000000    5     4.4444444444444411E-002
 
      2.00     1.0000000000000002E-002     1.0607407407407408000000000000000000000000    6     5.9259259259259196E-003
 
      2.00     1.0000000000000002E-003     1.0601763668430335000000000000000000000000    7     5.6437389770723023E-004
 
      2.00     1.0000000000000003E-004     1.0601360544217686000000000000000000000000    8     4.0312421264802145E-005
 
      2.00     1.0000000000000004E-005     1.0601338148428094000000000000000000000000    9     2.2395789591556738E-006
 
      2.00     1.0000000000000004E-006     1.0601337153059669000000000000000000000000    10     9.9536842629141023E-008
 
