     -0.30     1.0000000000000001E-001     -0.3150000000000000000000000000000000000000    3     1.4999999999999999E-002
 
     -0.30     1.0000000000000002E-002     -0.3151125000000000200000000000000000000000    4     1.1249999999999998E-004
 
     -0.30     1.0000000000000002E-003     -0.3151125000000000200000000000000000000000    4     1.1249999999999998E-004
 
     -0.30     1.0000000000000003E-004     -0.3151130062499999900000000000000000000000    5     5.0624999999999981E-007
 
     -0.30     1.0000000000000004E-005     -0.3151130062499999900000000000000000000000    5     5.0624999999999981E-007
 
     -0.30     1.0000000000000004E-006     -0.3151130062499999900000000000000000000000    5     5.0624999999999981E-007
 
     -0.60     1.0000000000000001E-001     -0.6599999999999999200000000000000000000000    3     5.9999999999999998E-002
 
     -0.60     1.0000000000000002E-002     -0.6617999999999999400000000000000000000000    4     1.7999999999999997E-003
 
     -0.60     1.0000000000000002E-003     -0.6618323999999999900000000000000000000000    5     3.2399999999999988E-005
 
     -0.60     1.0000000000000003E-004     -0.6618323999999999900000000000000000000000    5     3.2399999999999988E-005
 
     -0.60     1.0000000000000004E-005     -0.6618327887999999600000000000000000000000    6     3.8879999999999983E-007
 
     -0.60     1.0000000000000004E-006     -0.6618327887999999600000000000000000000000    6     3.8879999999999983E-007
 
     -0.90     1.0000000000000001E-001     -1.0441125000000000000000000000000000000000    4     9.1124999999999973E-003
 
     -0.90     1.0000000000000002E-002     -1.0441125000000000000000000000000000000000    4     9.1124999999999973E-003
 
     -0.90     1.0000000000000002E-003     -1.0444815562500001000000000000000000000000    5     3.6905624999999980E-004
 
     -0.90     1.0000000000000003E-004     -1.0444915207687500000000000000000000000000    6     9.9645187499999921E-006
 
     -0.90     1.0000000000000004E-005     -1.0444915207687500000000000000000000000000    6     9.9645187499999921E-006
 
     -0.90     1.0000000000000004E-006     -1.0444917129416116000000000000000000000000    7     1.9217286160714266E-007
 
     -1.20     1.0000000000000001E-001     -1.4687999999999999000000000000000000000000    4     2.8799999999999996E-002
 
     -1.20     1.0000000000000002E-002     -1.4708735999999998000000000000000000000000    5     2.0735999999999992E-003
 
     -1.20     1.0000000000000002E-003     -1.4709731327999997000000000000000000000000    6     9.9532799999999956E-005
 
     -1.20     1.0000000000000003E-004     -1.4709731327999997000000000000000000000000    6     9.9532799999999956E-005
 
     -1.20     1.0000000000000004E-005     -1.4709765453531427000000000000000000000000    7     3.4125531428571408E-006
 
     -1.20     1.0000000000000004E-006     -1.4709766331045093000000000000000000000000    8     8.7751366530612190E-008
 
     -1.50     1.0000000000000001E-001     -1.9453125000000000000000000000000000000000    4     7.0312500000000000E-002
 
     -1.50     1.0000000000000002E-002     -1.9532226562499999000000000000000000000000    5     7.9101562499999997E-003
 
     -1.50     1.0000000000000002E-003     -1.9538159179687500000000000000000000000000    6     5.9326171874999993E-004
 
     -1.50     1.0000000000000003E-004     -1.9538476998465402000000000000000000000000    7     3.1781877790178570E-005
 
     -1.50     1.0000000000000004E-005     -1.9538489767969871000000000000000000000000    8     1.2769504469268176E-006
 
     -1.50     1.0000000000000004E-006     -1.9538490167016886000000000000000000000000    9     3.9904701466463049E-008
 
     -1.80     1.0000000000000001E-001     -2.5094195999999998000000000000000000000000    5     2.3619600000000001E-002
 
     -1.80     1.0000000000000002E-002     -2.5119705167999999000000000000000000000000    6     2.5509168000000001E-003
 
     -1.80     1.0000000000000002E-003     -2.5121673018102855000000000000000000000000    7     1.9678501028571428E-004
 
     -1.80     1.0000000000000003E-004     -2.5121786872287375000000000000000000000000    8     1.1385418452244899E-005
 
     -1.80     1.0000000000000004E-005     -2.5121791995725680000000000000000000000000    9     5.1234383035102042E-007
 
     -1.80     1.0000000000000004E-006     -2.5121791995725680000000000000000000000000    9     5.1234383035102042E-007
 
     -2.10     1.0000000000000001E-001     -3.1646723062500000000000000000000000000000    5     5.9559806250000014E-002
 
     -2.10     1.0000000000000002E-002     -3.1734275977687498000000000000000000000000    6     8.7552915187500031E-003
 
     -2.10     1.0000000000000002E-003     -3.1743469033782188000000000000000000000000    7     9.1930560946875046E-004
 
     -2.10     1.0000000000000003E-004     -3.1744192986949646000000000000000000000000    8     7.2395316745664108E-005
 
     -2.10     1.0000000000000004E-005     -3.1744237329081155000000000000000000000000    9     4.4342131506719261E-006
 
     -2.10     1.0000000000000004E-006     -3.1744239501845599000000000000000000000000    10     2.1727644438292439E-007
 
     -2.40     1.0000000000000001E-001     -3.9789907967999998000000000000000000000000    6     2.5480396799999989E-002
 
     -2.40     1.0000000000000002E-002     -3.9824852512182853000000000000000000000000    7     3.4944544182857122E-003
 
     -2.40     1.0000000000000002E-003     -3.9828446808155946000000000000000000000000    8     3.5942959730938753E-004
 
     -2.40     1.0000000000000003E-004     -3.9828734351833792000000000000000000000000    9     2.8754367784750998E-005
 
     -2.40     1.0000000000000004E-005     -3.9828752754629173000000000000000000000000    10     1.8402795382240638E-006
 
     -2.40     1.0000000000000004E-006     -3.9828753718266459000000000000000000000000    11     9.6363728547005507E-008
 
     -2.70     1.0000000000000001E-001     -4.9875317137687478000000000000000000000000    6     6.5377207518749939E-002
 
     -2.70     1.0000000000000002E-002     -5.0003565454233190000000000000000000000000    8     1.4772163495311214E-003
 
     -2.70     1.0000000000000002E-003     -5.0005061135787088000000000000000000000000    9     1.4956815539002603E-004
 
     -2.70     1.0000000000000003E-004     -5.0005182285992955000000000000000000000000    10     1.2115020586592106E-005
 
     -2.70     1.0000000000000004E-005     -5.0005190314947505000000000000000000000000    11     8.0289545523869484E-007
 
     -2.70     1.0000000000000004E-006     -5.0005190314947505000000000000000000000000    11     8.0289545523869484E-007
 
     -3.00     1.0000000000000001E-001     -6.3156696428571406000000000000000000000000    7     3.2544642857142814E-002
 
     -3.00     1.0000000000000002E-002     -6.3209000318877528000000000000000000000000    8     5.2303890306122361E-003
 
     -3.00     1.0000000000000002E-003     -6.3215538305165797000000000000000000000000    9     6.5379862882652929E-004
 
     -3.00     1.0000000000000003E-004     -6.3216192103794624000000000000000000000000    10     6.5379862882652902E-005
 
     -3.00     1.0000000000000004E-005     -6.3216245596409708000000000000000000000000    11     5.3492615085806905E-006
 
     -3.00     1.0000000000000004E-006     -6.3216249243633467000000000000000000000000    12     3.6472237558504697E-007
 
