 Значение  |  Точность  | Значение |  Число   |
аргумента  | вычислений | функции  | итераций |
    x      |    eps     |    f     |    n     |
   -3.0000   0.100000   0.037054      10 
   -3.0000   0.010000   0.048888      12 
   -3.0000   0.001000   0.049741      14 
   -3.0000   0.000100   0.049796      15 
   -3.0000   0.000010   0.049787      17 
   -3.0000   0.000001   0.049787      18 
 
   -2.3333   0.100000   0.079745      8 
   -2.3333   0.010000   0.095887      10 
   -2.3333   0.001000   0.096926      12 
   -2.3333   0.000100   0.096980      13 
   -2.3333   0.000010   0.096971      14 
   -2.3333   0.000001   0.096972      16 
 
   -1.6667   0.100000   0.194721      7 
   -1.6667   0.010000   0.187633      8 
   -1.6667   0.001000   0.188836      10 
   -1.6667   0.000100   0.188882      11 
   -1.6667   0.000010   0.188875      12 
   -1.6667   0.000001   0.188876      13 
 
   -1.0000   0.100000   0.375000      5 
   -1.0000   0.010000   0.366667      6 
   -1.0000   0.001000   0.367857      8 
   -1.0000   0.000100   0.367882      9 
   -1.0000   0.000010   0.367879      10 
   -1.0000   0.000001   0.367879      11 
 
   -0.3333   0.100000   0.722222      3 
   -0.3333   0.010000   0.716049      4 
   -0.3333   0.001000   0.716564      5 
   -0.3333   0.000100   0.716529      6 
   -0.3333   0.000010   0.716531      7 
   -0.3333   0.000001   0.716531      8 
 
    0.3333   0.100000   1.388889      3 
    0.3333   0.010000   1.395062      4 
    0.3333   0.001000   1.395576      5 
    0.3333   0.000100   1.395610      6 
    0.3333   0.000010   1.395612      7 
    0.3333   0.000001   1.395612      8 
 
    1.0000   0.100000   2.708333      5 
    1.0000   0.010000   2.716667      6 
    1.0000   0.001000   2.718254      8 
    1.0000   0.000100   2.718279      9 
    1.0000   0.000010   2.718282      10 
    1.0000   0.000001   2.718282      11 
 
    1.6667   0.100000   5.285599      7 
    1.6667   0.010000   5.292686      8 
    1.6667   0.001000   5.294436      10 
    1.6667   0.000100   5.294482      11 
    1.6667   0.000010   5.294489      12 
    1.6667   0.000001   5.294490      13 
 
    2.3333   0.100000  10.283153      8 
    2.3333   0.010000  10.310595      10 
    2.3333   0.001000  10.312192      12 
    2.3333   0.000100  10.312247      13 
    2.3333   0.000010  10.312257      14 
    2.3333   0.000001  10.312258      16 
 
    3.0000   0.100000  20.063393      10 
    3.0000   0.010000  20.084103      12 
    3.0000   0.001000  20.085469      14 
    3.0000   0.000100  20.085523      15 
    3.0000   0.000010  20.085536      17 
    3.0000   0.000001  20.085537      18 
 
